



ff = [0.038317909
0.894098068
0.894341918
0.906333631
0.899618445
0.991955836
0.990869018
0.986792453
0.990037951
0.98992126
1.001461276
0.996265628
1.002922552
0.997239812
1.001298912
1.007955837
1.009254749
1.009092385
1.006494561
1.004221465
1.046151973
1.038683228
1.038155545
1.04282351
1.035841857
1.041037506
1.044650106
1.041443416
1.043675921
1.040347459
1.048425069
1.048222114
1.047775613
1.033893489
1.050292255
1.050008118
1.052037668
1.036125994
1.035801266
1.049318071
1.053580127
1.058369865
1.055569086
1.056299724
1.059141094
1.056218542
1.056056178
1.057070953
1.059181685
1.055812632
0.894260432
0.045055303
0.89705942
0.900535236
0.897131714
1
1.00220403
0.998742138
1.001581278
1.000472441
1.011223162
1.011223162
1.012687053
1.008132726
1.010572544
1.019843852
1.019355888
1.019681197
1.018542615
1.014964216
1.055831165
1.048999675
1.049934938
1.057376383
1.045990566
1.05477391
1.058230319
1.05566851
1.057254392
1.055546519
1.059084255
1.060670137
1.060060182
1.044201366
1.063719909
1.061483409
1.063191282
1.049040338
1.048715029
1.059328237
1.060222837
1.059124919
1.061036109
1.062134027
1.061524073
1.05701041
1.05522121
1.056644437
1.058392973
1.064939818
0.894585277
0.897951734
0.050983573
0.893033817
0.898681809
1.008241325
1.006336587
1.004599057
1.008104048
1.004448819
1.014804299
1.013019671
1.018698033
1.011883999
1.014804299
1.023078483
1.022916244
1.024700872
1.023402961
1.022429527
1.058324883
1.053944433
1.054552829
1.057757047
1.050943014
1.058568242
1.058933279
1.058324883
1.060393429
1.056256337
1.064165484
1.060555668
1.061245184
1.046724802
1.065706753
1.065098357
1.06615291
1.049604543
1.04846887
1.064571081
1.060515108
1.059785033
1.061366863
1.061164064
1.061529102
1.056134658
1.055566822
1.056053539
1.059663354
1.056661935
0.906617468
0.893155462
0.894534101
0.040629308
0.896277674
0.992507886
0.992994332
0.990959119
0.994386464
0.992834646
1.003811532
1.002027411
1.007055389
1.000729868
1.003324953
1.011758981
1.012407753
1.01224556
1.01224556
1.00770416
1.049103885
1.041318628
1.041764658
1.045454545
1.038642446
1.047238667
1.048738951
1.046670992
1.051496229
1.049793204
1.052996513
1.054740086
1.054618441
1.038480253
1.053888574
1.053929122
1.058551618
1.042656719
1.04103479
1.053401995
1.060416836
1.061836023
1.059159841
1.060700673
1.062403698
1.059443679
1.065242073
1.05737572
1.060416836
1.057862298
0.900024355
0.897659868
0.89856013
0.89615603
0.046721378
1.001025237
0.999763854
0.998034591
0.999762808
0.997086614
1.01031933
1.005606565
1.011294385
1.005606565
1.007719184
1.01600715
1.018119769
1.017469733
1.017794751
1.014707077
1.051312261
1.046111969
1.048346469
1.048468351
1.044405623
1.052368571
1.053384253
1.050824734
1.053709271
1.048915251
1.055862517
1.054684326
1.055862517
1.040667913
1.058056391
1.059722109
1.062728528
1.04550256
1.04534005
1.057406354
1.062728528
1.063216056
1.063012919
1.063256683
1.063541074
1.059275209
1.058543918
1.058259527
1.06150971
1.058747055
0.995899054
1.000315457
0.998462145
0.998343849
0.99944795
0.003785489
0.90199937
0.897051887
0.896411672
0.897559055
0.957570978
0.95362776
0.957728707
0.952996845
0.95488959
0.971608833
0.969716088
0.972555205
0.971451104
0.966088328
1.007925868
1.005402208
1.003943218
1.009108833
1.000749211
1.008951104
1.010567823
1.008714511
1.011514196
1.007807571
1.012815457
1.01340694
1.012184543
0.999802839
1.015260252
1.014511041
1.019164038
1.002760252
1.001971609
1.012894322
1.019085174
1.021845426
1.019755521
1.019518927
1.023225552
1.020701893
1.023619874
1.023777603
1.026656151
1.023146688
1.001416877
1.005982368
1.003660264
1.001653023
1.005903652
0.901684509
0.003935768
0.897680818
0.901684509
0.896804156
0.96127204
0.95686398
0.963476071
0.958910579
0.96127204
0.972449622
0.973709068
0.973866499
0.973394207
0.968986146
1.012791247
1.008383186
1.008501259
1.010665932
1.006887594
1.014129408
1.015428212
1.012791247
1.016530227
1.012358312
1.019088476
1.018891688
1.020347922
1.006100441
1.019324622
1.020938287
1.021489295
1.007950252
1.007792821
1.020426637
1.025976071
1.029518262
1.025070844
1.027353589
1.028219458
1.027904597
1.032706234
1.031131927
1.03447733
1.029085327
0.999842767
1.00408805
1.00129717
1.000235849
1.003380503
0.89697327
0.896422956
0.003773585
0.900550314
0.895715409
0.961006289
0.958805031
0.962421384
0.960062893
0.961006289
0.976572327
0.972798742
0.974842767
0.975471698
0.972012579
1.011831761
1.006328616
1.00581761
1.009394654
1.005149371
1.011438679
1.01163522
1.010888365
1.013679245
1.009040881
1.014976415
1.015408805
1.016705975
1.000904088
1.015841195
1.017295597
1.019732704
1.004009434
1.004323899
1.01788522
1.022169811
1.023506289
1.021265723
1.02370283
1.024882075
1.023466981
1.025904088
1.028577044
1.028930818
1.023073899
0.995414295
1.000632511
0.999881404
0.995335231
0.999130297
0.896451104
0.901763224
0.899331761
0.003795066
0.896929134
0.956040481
0.95256167
0.957938014
0.95256167
0.95683112
0.969006958
0.969165085
0.969955724
0.968690702
0.965211891
1.007155281
1.002569576
1.001739405
1.005811195
0.999960468
1.005811195
1.009329538
1.006997154
1.008380772
1.005455408
1.011582859
1.011701455
1.011582859
0.99837919
1.013717584
1.01344086
1.016524352
1.000869703
1.000079064
1.012926945
1.019291588
1.020003163
1.018066097
1.019726439
1.022019292
1.020438014
1.022414611
1.024312144
1.026565465
1.019568311
1.00015748
1.002992126
1.001929134
1.000708661
1.001968504
0.897559055
0.896253149
0.895204403
0.897559055
0.003779528
0.959527559
0.956377953
0.962519685
0.956220472
0.960787402
0.974015748
0.97496063
0.973700787
0.97480315
0.967401575
1.010748031
1.009015748
1.007086614
1.011299213
1.003740157
1.011929134
1.014173228
1.010748031
1.014015748
1.008110236
1.017204724
1.017480315
1.018149606
1.002480315
1.019488189
1.017637795
1.021653543
1.004645669
1.004173228
1.017283465
1.022834646
1.024015748
1.020354331
1.024527559
1.025708661
1.026338583
1.028307087
1.028149606
1.028661417
1.023582677
1.011690209
1.017241379
1.013506388
1.011596789
1.016494678
0.962776025
0.963790932
0.958805031
0.962523719
0.962362205
0.003956479
0.908344284
0.911638642
0.907191048
0.909330696
0.965215958
0.965051105
0.968018464
0.964886251
0.961589186
1.010591823
1.007129904
1.005275305
1.010839103
1.003750412
1.012157929
1.013023409
1.013888889
1.015331355
1.011622156
1.0194939
1.019122981
1.018834487
1.002761292
1.019411474
1.020771513
1.02184306
1.007665678
1.006017145
1.019246621
1.026046818
1.027777778
1.026747445
1.026005605
1.028395978
1.028725684
1.031116057
1.030951203
1.034619189
1.029632377
1.013476214
1.018867925
1.016426688
1.014191874
1.018282278
0.965141956
0.965050378
0.962421384
0.966160658
0.964409449
0.913272011
0.003942181
0.911793693
0.910479632
0.915243101
0.968298292
0.968791064
0.967805519
0.967641261
0.96369908
1.00907523
1.005297306
1.004434954
1.00570795
1.002094284
1.011128449
1.012976347
1.008910972
1.01346912
1.008295007
1.014988502
1.014290407
1.013510184
0.99897339
1.014577858
1.017904074
1.019793035
1.002217477
1.002381735
1.017863009
1.019382392
1.024392247
1.021394547
1.02114816
1.02517247
1.022872865
1.025911629
1.027554205
1.029237845
1.022462221
1.012989122
1.017241379
1.013830866
1.012894331
1.017794751
0.965141956
0.965365239
0.961949686
0.965844402
0.963464567
0.912133201
0.909001314
0.003966942
0.907355603
0.913402743
0.96677686
0.967603306
0.968429752
0.967272727
0.961322314
1.012768595
1.00946281
1.009586777
1.010041322
1.004917355
1.014504132
1.017355372
1.014917355
1.016859504
1.012644628
1.021363636
1.021652893
1.020206612
1.005247934
1.020289256
1.021983471
1.025041322
1.008842975
1.007520661
1.020123967
1.024958678
1.029669421
1.024173554
1.02838843
1.029628099
1.03161157
1.033512397
1.031859504
1.037355372
1.029545455
1.01331385
1.016102798
1.016102211
1.012083367
1.017307224
0.964826498
0.965365239
0.963050314
0.965686275
0.964094488
0.912456804
0.911465177
0.912950469
0.003949317
0.912950469
0.967418134
0.966759914
0.968570018
0.967418134
0.961823268
1.009749877
1.008597992
1.008063189
1.009338489
1.003908178
1.011477703
1.014316274
1.010572651
1.011847951
1.008474576
1.017154846
1.015139049
1.015673852
1.001439855
1.016908014
1.016784598
1.020322528
1.00353793
1.00353793
1.017237124
1.02056936
1.025094619
1.021762383
1.022338325
1.027192694
1.027357249
1.026945861
1.02957874
1.029455323
1.023325654
1.008280565
1.012199089
1.008963699
1.007055389
1.012594458
0.961987382
0.961586902
0.959591195
0.962839975
0.960472441
0.909165842
0.906373193
0.911089076
0.90488728
0.003966287
0.965294993
0.965129731
0.966947612
0.966617088
0.962155016
1.011774913
1.006156007
1.006610478
1.007725996
1.002272352
1.008387043
1.01107255
1.010122294
1.011403074
1.007849942
1.014749628
1.013882003
1.01491489
1.000123946
1.015658569
1.018344075
1.019087754
1.001569988
1.001404726
1.014336473
1.020823004
1.025202446
1.022186415
1.024582714
1.024500083
1.024334821
1.026070071
1.027226905
1.029912411
1.02259957
1.012664394
1.018054652
1.012532955
1.012083367
1.01600715
0.972082019
0.971347607
0.966981132
0.970430108
0.968818898
0.964061985
0.960578187
0.964132231
0.960506829
0.96165923
0.004066418
0.915113521
0.916638428
0.915452389
0.91184898
1.010377838
1.005125381
1.003896984
1.008259912
1.002160285
1.011309726
1.015079634
1.012411047
1.016096239
1.010589631
1.02122162
1.019146052
1.021052186
1.004701796
1.021814639
1.024398509
1.026855303
1.008048119
1.007031515
1.019611996
1.028973229
1.030243985
1.02579634
1.028592003
1.031048797
1.029354456
1.034183328
1.03181125
1.036258895
1.031133514
1.011203117
1.015940143
1.014317583
1.011272403
1.016982205
0.972239748
0.971662469
0.967767296
0.972011385
0.969606299
0.964061985
0.961070959
0.963801653
0.960506829
0.963807635
0.915791257
0.004068486
0.91439227
0.91559322
0.910669139
1.00648415
1.003941346
1.003559925
1.005721309
1.000974741
1.011824038
1.012035938
1.009874555
1.0133921
1.008899814
1.019028649
1.015934904
1.018350568
1.002330904
1.018096288
1.018477708
1.022800475
1.005848449
1.002797084
1.016062044
1.023393796
1.025343279
1.023436176
1.023520936
1.027504662
1.02631802
1.030301746
1.029793185
1.033565011
1.021656213
1.011852573
1.016753416
1.012857433
1.011596789
1.016657187
0.971608833
0.971347607
0.967138365
0.971220746
0.969448819
0.964556545
0.959921156
0.963140496
0.959684055
0.96165923
0.914605219
0.913714189
0.003906914
0.915254237
0.910163492
1.006497367
1.001741125
1.002547987
1.005902837
1.001995923
1.010489214
1.014438594
1.00921522
1.011041277
1.010956344
1.018557839
1.018685239
1.01770851
1.002335655
1.017793443
1.018855104
1.021318159
1.006200102
1.005011041
1.01915237
1.025819603
1.028622388
1.02501274
1.026796331
1.027730593
1.027220995
1.032741634
1.030193647
1.034312893
1.027985392
1.013476214
1.017891997
1.015615494
1.01338091
1.016657187
0.972397476
0.972134761
0.967767296
0.971378874
0.968818898
0.962743159
0.959264126
0.964793388
0.959684055
0.962650802
0.913080312
0.913050847
0.915423729
0.004067797
0.911511883
1.008347458
1.005127119
1.003898305
1.006228814
1.002330508
1.012669492
1.015084746
1.01190678
1.013559322
1.008898305
1.019533898
1.019661017
1.018177966
1.002330508
1.01809322
1.021355932
1.021610169
1.005508475
1.006864407
1.02029661
1.026271186
1.029576271
1.027669492
1.02809322
1.029364407
1.029872881
1.031144068
1.031652542
1.03559322
1.030127119
1.014450398
1.021145088
1.015615494
1.012569946
1.018932315
0.975709779
0.974653652
0.970754717
0.976438963
0.972283465
0.966699637
0.962549277
0.96661157
0.964949811
0.965625516
0.919939322
0.920613518
0.920782066
0.918253834
0.004045171
1.010492162
1.004424406
1.006404854
1.007542559
1.002148997
1.009396595
1.01264116
1.012009102
1.012472611
1.0105343
1.018919602
1.016012136
1.017571212
1.001474802
1.019003877
1.019720209
1.023006911
1.002781055
1.006152031
1.017486937
1.024776673
1.02722063
1.023976066
1.02557728
1.028695432
1.024987359
1.03113939
1.029959548
1.033709759
1.024565987
1.039495048
1.047861093
1.04404786
1.041318628
1.044811896
1.005244479
1.006494018
1.002397799
1.005415876
1.003818898
1.007294758
1.001519382
1.007479339
1.004319566
1.004007602
1.006141986
1.005297508
1.007516562
1.005805085
1.001896174
0.03487991
0.929088616
0.941495327
0.941407529
0.938703212
1.014232876
1.017463364
1.012453767
1.015356524
1.012126036
1.031181235
1.030759867
1.031555784
1.012172855
1.029776675
1.03768903
1.041340887
1.022051594
1.023924341
1.036331289
1.047989138
1.05107917
1.047286858
1.050189616
1.051032352
1.051594176
1.055620581
1.055995131
1.057727422
1.051500538
1.04404124
1.048349057
1.046481444
1.042940556
1.048549606
1.008714511
1.008383186
1.004756289
1.00936907
1.009645669
1.00993241
1.006447109
1.009793388
1.006294224
1.007643365
1.008005761
1.009705035
1.008535757
1.008008475
1.004424406
0.935161396
0.031998879
0.934787686
0.937403653
0.936046241
1.016816929
1.016303078
1.014854954
1.015555659
1.011678423
1.032793012
1.032559443
1.032419302
1.015322091
1.03176531
1.041902182
1.043116738
1.025739244
1.027607792
1.040173775
1.050310646
1.053954314
1.051104779
1.05250619
1.054841874
1.055028729
1.058485542
1.057177559
1.062082496
1.05605643
1.042052281
1.047169811
1.043845062
1.04241343
1.044933778
1.005993691
1.006139798
1.003301887
1.006008855
1.004724409
1.00906693
1.003449409
1.006942149
1.003620207
1.004957858
1.004235852
1.004238006
1.005435706
1.004237288
0.997977414
0.940934579
0.934740973
0.031214953
0.938785047
0.934507994
1.011915888
1.012336449
1.010327103
1.013084112
1.010560748
1.029205607
1.02953271
1.029018692
1.011915888
1.02911215
1.039252336
1.041028037
1.022523364
1.02364486
1.036588785
1.046168224
1.051121495
1.047336449
1.04911215
1.052009346
1.050327103
1.05546729
1.054158879
1.057943925
1.051728972
1.044934243
1.05331002
1.046562563
1.042372881
1.048468351
1.010843849
1.010665932
1.005621069
1.011503795
1.006889764
1.00968513
1.006529238
1.011528926
1.005389172
1.00805652
1.009107082
1.010637396
1.012187872
1.009110169
1.004171583
0.941501052
0.937543794
0.938738318
0.036053308
0.937118352
1.018424129
1.021276596
1.016273089
1.020154314
1.015945756
1.037409399
1.035118073
1.035913023
1.017301847
1.035071312
1.044096329
1.046621464
1.029226093
1.030161328
1.043114332
1.051204115
1.053542202
1.054243629
1.054711246
1.056862287
1.056301146
1.059948562
1.060509703
1.064110358
1.057891045
1.033406397
1.042086858
1.037963902
1.035560782
1.03741773
1.000749211
0.999645781
0.996501572
0.999327957
0.998228346
1.000453347
0.996345269
1.00161157
0.997325983
0.998306065
0.998941037
0.999618579
1.000297265
1.000805085
0.996755436
0.938843052
0.936092854
0.934228313
0.937537873
0.027175686
1.006246213
1.007411551
1.006898802
1.009089638
1.005453783
1.024798396
1.020836247
1.024798396
1.004941034
1.023027082
1.031837039
1.033421899
1.01533585
1.017013937
1.030858155
1.04004102
1.042931059
1.038968909
1.041113131
1.044748986
1.043070899
1.048571295
1.046333846
1.05048245
1.045215121
1.043960058
1.051846129
1.049482864
1.045616738
1.048143333
1.01068612
1.009249055
1.004363208
1.009922517
1.006259843
1.01166337
1.00636498
1.008884298
1.007692941
1.009048091
1.011648594
1.012502119
1.010998811
1.011991525
1.006699815
1.018072007
1.011818564
1.015280374
1.018237082
1.01202629
0.03865402
0.939548399
0.93775835
0.941232544
0.939241228
1.010247367
1.010247367
1.011343597
0.994912756
1.021066679
1.029693532
1.034745722
1.015871503
1.014918259
1.029264573
1.04303894
1.045993995
1.043277251
1.045088413
1.048424765
1.052237739
1.053858253
1.054811496
1.057146942
1.050235928
1.050332846
1.055790501
1.050496857
1.048414565
1.051596652
1.011356467
1.013853904
1.006918239
1.013598988
1.011811024
1.013847676
1.009855453
1.013719008
1.007734079
1.011568336
1.012538123
1.014578742
1.014098862
1.013220339
1.00842744
1.018072007
1.014154249
1.015700935
1.018470891
1.012305971
0.939072027
0.037157012
0.93880363
0.942073171
0.937006751
1.007002668
1.012004573
1.021960747
1.00318547
1.010051448
1.03429878
1.037252287
1.017816311
1.019721799
1.032155107
1.047637195
1.050019055
1.045398247
1.050638338
1.052067454
1.05587843
1.058069741
1.059403582
1.060594512
1.055211509
1.047126157
1.050788874
1.049401744
1.04602222
1.048062078
1.009818612
1.011689232
1.006014151
1.011740987
1.008070866
1.01191065
1.008582457
1.011280992
1.007775218
1.008139151
1.012919349
1.011569758
1.012102939
1.009533898
1.007795382
1.015122431
1.010744149
1.012943925
1.015150807
1.009136251
0.937995914
0.938423528
0.035016867
0.937235711
0.9349551
1.009740105
1.010927923
1.009882644
1.001520407
1.010975436
1.031025799
1.034921842
1.015536656
1.016106809
1.02945788
1.04470946
1.048035349
1.04418682
1.04770276
1.04874804
1.050458498
1.055304794
1.054924692
1.058583171
1.051883879
1.053580127
1.056929083
1.056012979
1.051982808
1.055171853
1.019085174
1.018576826
1.012735849
1.017394054
1.013543307
1.017639301
1.01544021
1.018016529
1.013658055
1.01702198
1.019146052
1.017291066
1.01783591
1.016779661
1.015675038
1.017557002
1.020040174
1.021121495
1.023708207
1.018971706
0.941327868
0.942549543
0.9375683
0.043138003
0.93539032
1.006728383
1.013027295
1.025625119
0.995911187
1.009734682
1.039129605
1.043424318
1.023382325
1.02510021
1.039463638
1.05268181
1.056213018
1.052538652
1.054733728
1.057310555
1.060937202
1.063323153
1.062941401
1.065661386
1.060078259
1.041971099
1.047251139
1.045061854
1.041521369
1.045015032
1.006545741
1.006533375
1.003694969
1.008459836
1.004015748
1.00931421
1.005831143
1.008677686
1.004360704
1.005205751
1.007370383
1.010425496
1.009087821
1.008898305
1.005140738
1.01868065
1.011678423
1.013551402
1.017442132
1.010860952
0.939288771
0.938908434
0.935240177
0.93539032
0.037748407
1.011505182
1.008272321
1.021061139
0.993867072
1.010887135
1.032233527
1.03575164
1.015593801
1.016164305
1.030094133
1.04421413
1.047542075
1.045402681
1.046448607
1.048065038
1.051488067
1.055957022
1.055957022
1.05980793
1.051012646
1.053458354
1.059734873
1.055242344
1.050888006
1.056187536
1.017231861
1.01782903
1.014033019
1.019014864
1.014212598
1.017350808
1.014167214
1.018057851
1.013040974
1.015245414
1.019188411
1.02004577
1.019407168
1.016991525
1.016222822
1.039608596
1.034100995
1.034813084
1.038157587
1.032629469
1.010628664
1.007383765
1.009787618
1.026961252
1.010601883
0.045250398
0.939344183
0.936784662
0.925355394
0.936839055
1.030376201
1.034143043
0.991805649
1.01559859
1.005312213
1.04679577
1.049596755
1.043222099
1.047906505
1.050321147
1.053991404
1.061428502
1.059496789
1.063215338
1.057758246
1.050332846
1.058880937
1.053417157
1.048414565
1.055984399
1.013880126
1.01731738
1.012264151
1.01486401
1.012598425
1.015331355
1.011662286
1.014049587
1.010696067
1.013716741
1.013554727
1.016782506
1.02106336
1.01559322
1.014495196
1.037501756
1.032185734
1.033457944
1.036614449
1.028480865
1.010723988
1.024009146
1.023993918
1.012693262
1.008652658
0.93929589
0.04531371
0.937714756
0.92312081
0.938818871
1.009004648
1.012732378
1.01494264
1.01381509
1.02880519
1.045701007
1.047927963
1.045168474
1.045458947
1.047879551
1.054850891
1.057465143
1.05785244
1.061192874
1.054173122
1.051509985
1.058433637
1.055404583
1.051861163
1.055862517
1.015812303
1.017356738
1.011360063
1.016168564
1.013897638
1.018339927
1.013181669
1.017892562
1.014521968
1.015080152
1.016985768
1.019028649
1.018387974
1.018008475
1.013020394
1.036799476
1.030924464
1.033317757
1.034416647
1.028713933
1.010962299
1.024437881
1.00964508
1.025052491
1.022772654
0.936881248
0.937134008
0.043991676
0.928303143
0.937708243
1.029860136
1.010501863
0.991468235
1.014056613
1.027295165
1.042926971
1.047572956
1.045007985
1.046653439
1.048250496
1.054106374
1.057494072
1.056913323
1.062962784
1.055364661
1.033731125
1.039484385
1.037477185
1.032154732
1.03741773
0.998856467
0.998543766
0.995243711
0.998853574
0.997283465
0.999464227
0.996673784
0.99714876
0.993376666
0.99615766
1.000127076
1.000635701
0.999957534
0.998601695
0.99473285
1.017791095
1.011958705
1.013598131
1.015431377
1.008670116
0.995102933
1.004706889
0.994963653
0.99605382
0.994247409
0.925688204
0.923073266
0.928873675
0.024485333
0.923025721
1.008890791
1.011648362
0.979318214
0.975799933
1.008653069
1.024295155
1.027623259
1.024532877
1.02500832
1.028526601
1.032710503
1.035848429
1.035087719
1.03969952
1.034517187
1.052240623
1.058027001
1.054674508
1.052753224
1.058381409
1.016522082
1.019639484
1.013168239
1.018145161
1.01507874
1.023697659
1.016056176
1.020950413
1.015920685
1.017806974
1.020120298
1.019113409
1.02237982
1.020466102
1.014958706
1.037080388
1.031391601
1.034719626
1.035258359
1.031044609
1.02526095
1.010146723
1.011070461
1.027820195
1.012075687
0.936597615
0.938770583
0.937128785
0.922360101
0.044376841
1.01115457
1.034429475
0.994408561
0.991935873
1.005987735
1.045680622
1.04679125
1.046356657
1.047950167
1.04997827
1.056980057
1.059587619
1.058428702
1.063498962
1.056883481
1.054554311
1.05790501
1.05585074
1.052955965
1.056471927
1.019716088
1.01936398
1.015566038
1.01913346
1.016692913
1.018793274
1.01609724
1.021322314
1.015303604
1.019005123
1.020332091
1.02000339
1.022082555
1.021525424
1.018371819
1.046490941
1.038351941
1.041869159
1.044470423
1.037244208
1.036938182
1.040396341
1.034826816
1.039511357
1.036036893
1.031921572
1.008810999
1.030247302
1.013455047
1.010961418
0.048067491
0.951785364
0.930396221
0.928654236
0.949816401
1.006523445
1.012016873
1.000392388
1.013144987
1.011624485
1.029576221
1.053708064
1.038257799
1.051353737
1.032519129
1.059668777
1.061727391
1.059987832
1.056280918
1.059640855
1.021529968
1.019757557
1.01658805
1.020951929
1.016771654
1.022997033
1.017821945
1.022561983
1.018183314
1.019748802
1.024991528
1.027208001
1.022846951
1.021440678
1.018624642
1.048831874
1.041808754
1.043457944
1.046621464
1.040693609
1.040655831
1.041825457
1.038532808
1.042279061
1.038413996
1.0351089
1.01253873
1.010937424
0.995293111
1.033850017
0.944477143
0.048960694
0.92827533
0.930006763
0.941395349
1.003103143
1.014875382
1.019948774
1.013791745
1.014875382
1.052556398
1.032115063
1.039306472
1.043296227
1.035612255
1.046517292
1.048552375
1.047657676
1.04444084
1.04924027
1.0079653
1.011571159
1.006839623
1.011464263
1.007322835
1.012611276
1.006816689
1.010495868
1.007487247
1.005866799
1.010081328
1.011781658
1.010446747
1.008898305
1.00766897
1.033288075
1.026486663
1.028504673
1.032031798
1.025031464
1.026929126
1.028296494
1.02313869
1.028154228
1.026623562
0.991082618
1.019570038
0.991323629
1.002329672
0.993878338
0.922924901
0.928468138
0.032102574
0.908946303
0.922394678
0.982358045
0.984093319
0.995710016
0.997493493
0.995710016
1.013592982
1.021546322
1.040152319
1.029644269
1.014171407
1.036450723
1.043510085
1.040843642
1.036331198
1.040302267
1.003233438
1.004644207
1.001022013
1.002925364
1.000866142
1.004863172
1.000246386
1.003553719
1.003044265
1.001404726
1.006862081
1.006187489
1.005520639
1.006186441
1.002275409
1.029542582
1.022189004
1.024766355
1.027168576
1.020929474
1.021400315
1.023723323
1.019717775
1.023382325
1.019777503
0.990824359
1.012269346
1.016182011
0.975704845
1.015114202
0.928750845
0.929620327
0.909524728
0.031397933
0.932035552
0.988841658
0.991498406
0.991401797
0.998164429
0.994058545
1.01188291
1.013283741
1.021060767
1.038353782
1.015795575
1.054351356
1.060466818
1.055323464
1.052266645
1.058706427
1.017783912
1.017435453
1.012539308
1.018777672
1.012874016
1.019906034
1.015399146
1.01946281
1.0147688
1.016484879
1.020967469
1.023351415
1.020681162
1.019957627
1.015969998
1.044571375
1.038865792
1.039766355
1.042740238
1.036824687
1.037653115
1.038443216
1.03629971
1.03889101
1.034658172
1.005505385
1.03112897
1.005033151
0.993296249
1.006856922
0.949326805
0.941542228
0.928371734
0.927108492
0.045973072
1.015813953
1.00749082
1.010134639
1.00249694
1.008616891
1.038482252
1.030257038
1.035495716
1.056548348
1.04004896
1.057801591
1.059978855
1.060028392
1.054577893
1.060047128
1.020977918
1.022197733
1.016666667
1.02055661
1.018582677
1.022914606
1.018889619
1.023140496
1.018265592
1.019666171
1.023043036
1.022546194
1.024460676
1.021355932
1.020225855
1.051921906
1.043957584
1.046168224
1.04839841
1.042651377
1.046851914
1.047827744
1.045089561
1.048100783
1.046115812
1.04544357
1.044732765
1.044572424
1.025436219
1.044569994
1.006621542
1.002807605
0.988238697
0.980968022
1.015862913
0.052266878
0.939318947
0.94520887
0.943427044
0.941051277
1.007572758
0.992971689
0.993516135
1.000791922
0.992872698
1.056908589
1.059328237
1.059257757
1.056605304
1.061428455
1.022003155
1.022433879
1.016902516
1.021268185
1.018661417
1.023656446
1.020614323
1.022231405
1.018512424
1.021401421
1.024144358
1.024156637
1.027263462
1.023983051
1.02031013
1.05145372
1.04517214
1.044953271
1.047743746
1.043303967
1.046947238
1.049066311
1.044804485
1.048196221
1.047161738
1.046312841
1.044054996
1.04641146
1.027813436
1.045632334
1.012016873
1.014382819
0.984527138
1.000483045
1.034663403
0.93867551
0.0544805
0.942098735
0.943485164
0.944626377
1.006847276
1.020839536
1.025156297
0.996477126
0.990175648
1.05491963
1.0607108
1.059298317
1.054618441
1.059437718
1.019597792
1.020347922
1.018592767
1.021544908
1.017204724
1.0219667
1.018930683
1.021694215
1.020445944
1.020368534
1.024101999
1.023097135
1.022634619
1.024957627
1.018751053
1.053279648
1.045872845
1.046962617
1.049941548
1.043630262
1.046899576
1.049018674
1.045137074
1.050057263
1.047114196
1.043222099
1.045555771
1.046169482
1.026624828
1.046936115
1.000343339
1.009703477
0.996047431
0.991498406
1.009840881
0.945159374
0.942694121
0.05323741
0.945274126
0.94621682
1.024857355
1.021979658
1.020590424
1.030315058
0.993401141
1.061454782
1.062296682
1.062421416
1.060700673
1.064191111
1.024881703
1.025621851
1.021658805
1.024944655
1.021850394
1.026665018
1.021805191
1.025743802
1.022667435
1.023591142
1.028253135
1.028097983
1.030533379
1.025720339
1.027599865
1.055995131
1.050450787
1.049672897
1.055646481
1.047825479
1.051951766
1.056354802
1.050173421
1.053970223
1.051392983
1.050610905
1.047976375
1.049944345
1.03147435
1.047757014
1.012262115
1.013791745
0.997107876
0.99850256
1.002399021
0.94377351
0.942840131
0.945373356
0.056596273
0.94310559
0.992298137
1.026385093
0.992745342
1.000397516
1.004621118
1.060764735
1.061971373
1.062015818
1.062890277
1.062281628
1.027326498
1.027117443
1.021108491
1.02707938
1.024448819
1.027571711
1.023529895
1.026983471
1.023078822
1.024665345
1.026812945
1.028860824
1.028070324
1.0275
1.022290578
1.058710614
1.048862522
1.05182243
1.053308394
1.048850977
1.053953577
1.052639101
1.049888345
1.053683909
1.05110773
1.052446033
1.049235089
1.048105309
1.03004802
1.049253948
1.011869727
1.012461826
0.996818664
0.993817023
1.008616891
0.941100772
0.944279051
0.945720665
0.943354037
0.057565053
0.988954674
1.02661824
1.000845813
0.993930046
0.998706403
1.057152135
1.055709174
1.055039546
1.058348877
1.059072073
1.02464511
1.024598552
1.021894654
1.02423308
1.021771654
1.026747445
1.021723062
1.025826446
1.021926938
1.023508511
1.026643511
1.028860824
1.028919653
1.028347458
1.021784932
1.060021537
1.05035736
1.052757009
1.055178864
1.049037431
1.05490682
1.056640625
1.054829667
1.057310555
1.052629077
1.05766166
1.054076297
1.05739728
1.038415823
1.056786904
1.029281931
1.033543493
1.022269353
1.012221041
1.038531212
1.005543457
1.023766994
1.024658894
0.992198758
0.989103936
0.058347891
0.932967307
0.930970801
0.937958572
0.930284745
1.056583861
1.054611256
1.055526262
1.06280918
1.058137645
1.024881703
1.028455605
1.02197327
1.024944655
1.022165354
1.026994725
1.025090342
1.026404959
1.023490209
1.025078499
1.028930871
1.031657908
1.031212842
1.030805085
1.026420024
1.058804251
1.049890223
1.05453271
1.058078092
1.047639025
1.056908632
1.057498095
1.05663515
1.056833365
1.056907863
1.057178732
1.056109605
1.056719741
1.038701089
1.058621855
1.053315676
1.032213575
1.02149812
1.011254951
1.030305998
0.993021184
1.020889154
0.993599603
1.027031056
1.025921688
0.932867482
0.057192895
0.933030136
0.937603202
0.942253029
1.057273908
1.056400455
1.056459136
1.057781202
1.0582189
1.026774448
1.028298174
1.023388365
1.030320999
1.023267717
1.03078635
1.028868265
1.02838843
1.026616752
1.02772269
1.029778041
1.031657908
1.031552573
1.029957627
1.030128097
1.061987921
1.055122156
1.057336449
1.060135609
1.05285974
1.058052524
1.063024009
1.057395353
1.061414392
1.0572882
1.062587531
1.058239737
1.060978561
1.041363572
1.059394466
1.038993526
1.039946803
1.038224236
1.020722635
1.035887393
0.99336765
1.025702094
1.020937733
0.992198758
1.000497537
0.930371849
0.933180069
0.060322855
0.934529462
0.941505012
1.059100503
1.057945673
1.059298317
1.060700673
1.061387828
1.027602524
1.028494962
1.023899371
1.028779254
1.024409449
1.028519618
1.025952694
1.027933884
1.023860457
1.025780863
1.029312098
1.030852687
1.030066248
1.028813559
1.026293612
1.061847465
1.05479516
1.055514019
1.058685995
1.052533445
1.058862781
1.061547256
1.056682663
1.060125978
1.058286584
1.061863138
1.057513555
1.059478295
1.040079874
1.061374282
1.036884442
1.03462713
1.030174491
1.03758091
1.055373317
1.000742427
0.996477126
1.030811213
1.032149068
0.994825613
0.93865735
0.937803353
0.934829327
0.063001605
0.937316112
1.056218542
1.055749837
1.056824174
1.056808045
1.058868936
1.021884858
1.022315806
1.017099057
1.022414611
1.020748031
1.023203099
1.019998357
1.023760331
1.018389008
1.020120641
1.02350898
1.024877098
1.028325123
1.024025424
1.020183718
1.055433307
1.048021675
1.048925234
1.053776011
1.047266117
1.051189171
1.054068216
1.049413218
1.051870586
1.050822478
1.055053847
1.051268397
1.053235251
1.034707365
1.05398619
1.032764371
1.035168949
1.015376458
1.015747271
1.039853121
0.992526232
0.990622209
0.993401141
1.027378882
0.99865665
0.930384481
0.942153294
0.94155488
0.935919812
0.05380741];



ff = ff';
ff1 = reshape(ff,50,50);
ff1 = ff1';



view(seqlinkage(ff1,'weighted',{'Z1a','Z1b','Z1c','Z1d','Z1e','Z2a','Z2b','Z2c','Z2d','Z2e','Z3a','Z3b','Z3c','Z3d','Z3e','Z4a','Z4b','Z4c','Z4d','Z4e','Z5a','Z5b','Z5c','Z5d','Z5e','Z6a','Z6b','Z6c','Z6d','Z6e','Z7a','Z7b','Z7c','Z7d','Z7e','Z8a','Z8b','Z8c','Z8d','Z8e','Z9a','Z9b','Z9c','Z9d','Z9e','Z10a','Z10b','Z10c','Z10d','Z10e'}))


ff = [0.127596439
0.903348877
0.893401015
0.91456229
0.904196694
0.958762887
0.962855964
0.968072043
0.961916462
0.963479688
0.994065282
0.999154334
1.000847817
1
0.99448919
0.997880458
0.997032641
1.00805426
1.002967359
0.996184824
1.038999576
1.050869012
1.038575668
1.038151759
1.038999576
1.05680373
1.036880034
1.060618906
1.053836371
1.056379822
1.061890632
1.058075456
1.052988554
1.049173379
1.052564646
1.061042815
1.057651547
1.057227639
1.065705808
1.061466723
1.064857991
1.068249258
1.060194998
1.053836371
1.054684188
1.061890632
1.053836371
1.065705808
1.066553624
1.068249258
0.902077151
0.122717622
0.905245347
0.911195286
0.905307856
0.961237113
0.963681387
0.959066721
0.957821458
0.966352072
0.993638677
1.003805497
1.003821656
0.998301486
1.002545609
0.999575372
1.008492569
1.001273885
0.999575372
1.005095541
1.050106157
1.050530786
1.065392781
1.053078556
1.042462845
1.051380042
1.053503185
1.06029724
1.055626327
1.0492569
1.059023355
1.069214437
1.047558386
1.05477707
1.059447983
1.061995754
1.047558386
1.058598726
1.064968153
1.064543524
1.061146497
1.058174098
1.065392781
1.066242038
1.052653928
1.069639066
1.064118896
1.07388535
1.061146497
1.069214437
0.891708968
0.909475465
0.125211506
0.907407407
0.904822335
0.96371134
0.960792406
0.96029472
0.947174447
0.955683217
0.990693739
0.989852008
0.995769882
0.995769882
0.990270728
1.001269036
1.002538071
1.00676819
1.007614213
1.008037225
1.041455161
1.061759729
1.052453469
1.052876481
1.038071066
1.065566836
1.054145516
1.060067682
1.049492386
1.056260575
1.061759729
1.055414552
1.056683587
1.049069374
1.058798646
1.056683587
1.069373942
1.058375635
1.056260575
1.061759729
1.064720812
1.070642978
1.063028765
1.06641286
1.073604061
1.067258883
1.059221658
1.067258883
1.073604061
1.0642978
0.91540404
0.909511785
0.907407407
0.124579125
0.89983165
0.964123711
0.964094098
0.957838723
0.958640459
0.962659007
0.999579125
0.989478114
0.99537037
0.99537037
1
1
0.997895623
1.00462963
0.98526936
0.99452862
1.044612795
1.054713805
1.050084175
1.048400673
1.04040404
1.05976431
1.047138047
1.058501684
1.055555556
1.04040404
1.059343434
1.060606061
1.056818182
1.057239057
1.061026936
1.05976431
1.0496633
1.055976431
1.064814815
1.061868687
1.05976431
1.072390572
1.064393939
1.05976431
1.053451178
1.065656566
1.059343434
1.063552189
1.071969697
1.063131313
0.905468419
0.904458599
0.904399323
0.901515152
0.129170231
0.957525773
0.956665291
0.962750716
0.953726454
0.963069348
1.008057676
0.992811839
0.999572284
0.999144568
1.001697073
1
1.001283148
1.008982036
1.001283148
1.004704876
1.04704876
1.053892216
1.050042772
1.047476476
1.061163388
1.05988024
1.048759624
1.058169376
1.055175364
1.04918734
1.056458512
1.049615056
1.053892216
1.050898204
1.058169376
1.056886228
1.067151411
1.056458512
1.073994867
1.064157399
1.062446536
1.072711719
1.063729683
1.064157399
1.061163388
1.065012831
1.059024808
1.063301967
1.056886228
1.053892216
0.954226804
0.962061856
0.958762887
0.962061856
0.956701031
0.08371134
0.913402062
0.910765452
0.910728911
0.907673369
0.949690722
0.973608247
0.957113402
0.961237113
0.958762887
0.995876289
0.990515464
0.987216495
0.980206186
0.989278351
1.040412371
1.049072165
1.050309278
1.044948454
1.04
1.064329897
1.052783505
1.058556701
1.05814433
1.06185567
1.061030928
1.065979381
1.053195876
1.055670103
1.062268041
1.06185567
1.05814433
1.05814433
1.068453608
1.062268041
1.061030928
1.064329897
1.059381443
1.064742268
1.058556701
1.06556701
1.057731959
1.069690722
1.068453608
1.060618557
0.958316137
0.963681387
0.957078002
0.966157656
0.955427156
0.911752577
0.079653322
0.91035612
0.914414414
0.911776775
0.955014445
0.958728849
0.959554272
0.952125464
0.956665291
0.985142385
0.994222039
0.990920347
0.98638052
0.984729674
1.048699959
1.057366901
1.050763516
1.048287247
1.046636401
1.066446554
1.052414362
1.041683863
1.069335534
1.050763516
1.061906727
1.066859265
1.061906727
1.057779612
1.061494016
1.05984317
1.059017747
1.055716054
1.069748246
1.063970285
1.075113496
1.053239785
1.066033842
1.067684688
1.058192324
1.074288073
1.053652497
1.071399092
1.071811804
1.0680974
0.965616046
0.956201392
0.95742939
0.959885387
0.966434711
0.909537454
0.913630782
0.075726566
0.911993451
0.905444126
0.949652067
0.959476054
0.957838723
0.960704052
0.948833402
0.980352026
0.984445354
0.989357348
0.975440033
0.979533361
1.044617274
1.047482603
1.050757266
1.046254605
1.036430618
1.060581253
1.050757266
1.064265248
1.060990585
1.065083913
1.059762587
1.060990585
1.056897257
1.05280393
1.063037249
1.059762587
1.060990585
1.055669259
1.060581253
1.062627916
1.063446582
1.054850594
1.060990585
1.061809251
1.062627916
1.067130577
1.056897257
1.069177241
1.058943921
1.063037249
0.959049959
0.967239967
0.946355446
0.95986896
0.957821458
0.911138411
0.913595414
0.913221449
0.077805078
0.90990991
0.961097461
0.94963145
0.952497952
0.956183456
0.95986896
0.986486486
0.995085995
0.98976249
0.982391482
0.977067977
1.046273546
1.04995905
1.047502048
1.044635545
1.035626536
1.054054054
1.043816544
1.054054054
1.050778051
1.057739558
1.057330057
1.066339066
1.055692056
1.054463554
1.054054054
1.05978706
1.065110565
1.057330057
1.063882064
1.061015561
1.059377559
1.063472563
1.064701065
1.063472563
1.05978706
1.063063063
1.059377559
1.066339066
1.065520066
1.061425061
0.965531391
0.962659007
0.951169471
0.960196963
0.960196963
0.908904391
0.909725072
0.905034793
0.913185913
0.07016824
0.956914239
0.954862536
0.956503898
0.953631514
0.95075913
0.979482971
0.983586377
0.988510464
0.972917522
0.977841609
1.042675421
1.052933935
1.045547805
1.037340993
1.036930652
1.060320066
1.04924087
1.055395979
1.05621666
1.045547805
1.054985638
1.048420189
1.058678703
1.054164957
1.057447682
1.059499384
1.048830529
1.057858022
1.061961428
1.058678703
1.059499384
1.061551087
1.054985638
1.05621666
1.058268363
1.062371769
1.055395979
1.066885515
1.061551087
1.059499384
0.999576092
0.993214589
0.991116751
0.999579125
1.006785411
0.948041237
0.959966983
0.952926729
0.956592957
0.955683217
0.051738762
0.916701903
0.916454623
0.932994063
0.916878711
0.949533503
0.953774385
0.963952502
0.949533503
0.953774385
1.029262087
1.044105174
1.045377439
1.037743851
1.030110263
1.049194232
1.037319763
1.046649703
1.046225615
1.047921968
1.050890585
1.055555556
1.048770144
1.048346056
1.047073791
1.054707379
1.045801527
1.044529262
1.062340967
1.055555556
1.064461408
1.060220526
1.058100085
1.047073791
1.050042409
1.058100085
1.05682782
1.06403732
1.061492791
1.062765055
0.997040169
1.001691332
0.99577167
0.98989899
0.993234672
0.974020619
0.958316137
0.953745395
0.953316953
0.955683217
0.916701903
0.053699789
0.923044397
0.921775899
0.917970402
0.955179704
0.957716702
0.962790698
0.950105708
0.95602537
1.034672304
1.041014799
1.04397463
1.036363636
1.032135307
1.056236786
1.044397463
1.048625793
1.049894292
1.046511628
1.057928118
1.059196617
1.047357294
1.050317125
1.047357294
1.051585624
1.051162791
1.051585624
1.064270613
1.06384778
1.065539112
1.062156448
1.061733615
1.050739958
1.050317125
1.063424947
1.052008457
1.065961945
1.066807611
1.05961945
0.998728275
1.001698514
0.997461929
0.997053872
1.000427716
0.959587629
0.949649195
0.959066721
0.952497952
0.954862536
0.913061917
0.924735729
0.058064516
0.908856406
0.9134493
0.966451613
0.965591398
0.969032258
0.954408602
0.965591398
1.038709677
1.052043011
1.049892473
1.040430108
1.039569892
1.064086022
1.055483871
1.049462366
1.059354839
1.057634409
1.057204301
1.066236559
1.056774194
1.054623656
1.058924731
1.064516129
1.057204301
1.061505376
1.067096774
1.067096774
1.067096774
1.071827957
1.067526882
1.056774194
1.059784946
1.064086022
1.063225806
1.072688172
1.072258065
1.063225806
0.997032641
0.998301486
0.997461929
1
0.999144568
0.962061856
0.95377631
0.959476054
0.958230958
0.952400492
0.933842239
0.922621564
0.909286328
0.067927773
0.916419177
0.960877042
0.97205503
0.975494411
0.959157352
0.975494411
1.045141874
1.056749785
1.052020636
1.045571797
1.045571797
1.067927773
1.056749785
1.05588994
1.062338779
1.06577816
1.058469475
1.069647463
1.064488392
1.06577816
1.058039553
1.06577816
1.061908856
1.06577816
1.068787618
1.070937231
1.068357696
1.078675838
1.071367154
1.068357696
1.062768702
1.066638005
1.064918315
1.07566638
1.078245916
1.071367154
0.996184824
1.004242681
0.990270728
1.003367003
1.003394145
0.96
0.956665291
0.948424069
0.961506962
0.95075913
0.919847328
0.920084567
0.913873568
0.917267713
0.057276199
0.961815868
0.962664404
0.972846839
0.95672465
0.962664404
1.03648706
1.053033517
1.052609249
1.04327535
1.039456937
1.06151888
1.054306322
1.048790836
1.053457785
1.053457785
1.061943148
1.059397539
1.056003394
1.053457785
1.050912176
1.055154858
1.05473059
1.053457785
1.066185829
1.066185829
1.067458634
1.062367416
1.063640221
1.054306322
1.055579126
1.061943148
1.057276199
1.071277047
1.072125583
1.064913025
0.994913099
0.983014862
1.005922166
1.001683502
0.999572284
0.99628866
0.988856789
0.981989357
0.986486486
0.979482971
0.964800679
0.958562368
0.971182796
0.96044712
0.96351294
0.060408518
0.909169926
0.902216428
0.905693177
0.897435897
1.007388092
1.020425902
1.025206432
1.017383746
1.006084311
1.038678835
1.017383746
1.033029118
1.037375054
1.037809648
1.033898305
1.039982616
1.030421556
1.028683181
1.029117775
1.034332899
1.034332899
1.033463711
1.039113429
1.040851804
1.041720991
1.041720991
1.046066927
1.044328553
1.034767492
1.048674489
1.033463711
1.04041721
1.047370708
1.039982616
0.988978381
1.007218684
1.002115059
1.000841751
0.999144568
0.988453608
0.98101527
0.977896029
0.978296478
0.981945014
0.950381679
0.952642706
0.950107527
0.963456578
0.950784896
0.909169926
0.056504599
0.913272011
0.904222899
0.905010893
1.006132282
1.021901007
1.013140604
1.006132282
1.007884363
1.037669733
1.027595269
1.026719229
1.026719229
1.032851511
1.033727551
1.039859834
1.031537451
1.031099431
1.025405169
1.033289531
1.031537451
1.036355672
1.045554095
1.040735874
1.041611914
1.049934297
1.035041612
1.042049934
1.033727551
1.041173894
1.031975471
1.056504599
1.045116075
1.037669733
1.003815176
1.014861996
1.003807107
1.006734007
1.009409752
0.987628866
0.989682212
0.986082685
0.987305487
0.988100123
0.970737913
0.966173362
0.967741935
0.977214101
0.966058549
0.912646675
0.914148051
0.068889864
0.913800609
0.909368192
1.00833699
1.021061869
1.021500658
1.017112769
1.00833699
1.042562527
1.030276437
1.032909171
1.036419482
1.036858271
1.035103115
1.04168495
1.043440105
1.036419482
1.038613427
1.035980693
1.04563405
1.043440105
1.049144362
1.04168495
1.053093462
1.050460728
1.046072839
1.042123738
1.035541904
1.044317683
1.038174638
1.046950417
1.045195261
1.038174638
1.005934718
1.000849257
1.005076142
0.999158249
1.000855432
0.98185567
0.981840693
0.983626688
0.975839476
0.979482971
0.952926209
0.948414376
0.956129032
0.964316423
0.953330505
0.902216428
0.903787549
0.915106661
0.053548106
0.898563343
1.016978668
1.015672616
1.023073574
1.014801916
1.010883761
1.035263387
1.024379626
1.034392686
1.029603831
1.033086635
1.038746191
1.03831084
1.034392686
1.030039182
1.033086635
1.038746191
1.035263387
1.034828037
1.051806704
1.053112756
1.045276448
1.043970396
1.03831084
1.042228994
1.040052242
1.03831084
1.038746191
1.045711798
1.052677405
1.039181541
0.994913099
1.00552017
1.00676819
0.995791246
1.005132592
0.991752577
0.985555097
0.979942693
0.976658477
0.979893311
0.963952502
0.962790698
0.96688172
0.975064488
0.969452694
0.897870491
0.904575163
0.910239651
0.898127993
0.063180828
1.017864924
1.023965142
1.020479303
1.020043573
1.018736383
1.045751634
1.026579521
1.036601307
1.037037037
1.040087146
1.040958606
1.045315904
1.032244009
1.032244009
1.035729847
1.041830065
1.033986928
1.041394336
1.050980392
1.040958606
1.044008715
1.050980392
1.039215686
1.044880174
1.037472767
1.043572985
1.044008715
1.045315904
1.044880174
1.058823529
1.050021195
1.049681529
1.041455161
1.045454545
1.045765612
1.04
1.048287247
1.047073271
1.044226044
1.040623718
1.036047498
1.043128964
1.042150538
1.045141874
1.039881205
1.006518905
1.010950504
1.007898201
1.01872007
1.014379085
0.12249878
0.910200098
0.888238165
0.897137312
0.864578313
0.942410932
0.928257687
0.938506589
0.947291362
0.921913128
0.974133724
0.972669595
0.959980478
0.967301122
0.952659834
1
0.989263055
0.982918497
0.99170327
1.001952172
1.017569546
1.023914104
1.011713031
0.996095656
1.007320644
1.026842362
1.021961933
1.025866276
1.008784773
1.02489019
1.052564646
1.066242038
1.064720812
1.058080808
1.050470488
1.058556701
1.061906727
1.048710602
1.051187551
1.052523595
1.04749788
1.044397463
1.050322581
1.055030095
1.046245227
1.017383746
1.020586947
1.018867925
1.017849369
1.024400871
0.893118594
0.132338308
0.904102818
0.906841339
0.906024096
0.964676617
0.913604767
0.928429423
0.933830846
0.95920398
0.985572139
0.981094527
0.986069652
0.978109453
0.970149254
0.996517413
1.015920398
0.993532338
1.017910448
1.025870647
1.033830846
1.025870647
1.000995025
1.027860697
1.026368159
1.02039801
1.02238806
1.040298507
1.028855721
1.023880597
1.044934294
1.043312102
1.042301184
1.053451178
1.050898204
1.052783505
1.052414362
1.054850594
1.048730549
1.045137464
1.045377439
1.047357294
1.051612903
1.054170249
1.049215104
1.025206432
1.017958826
1.024572181
1.025250327
1.020915033
0.913616398
0.905091448
0.132970835
0.901018923
0.872289157
0.942659417
0.910034602
0.928324271
0.922886802
0.92733564
0.992585269
0.983687593
0.963914978
0.975778547
0.984181908
0.98615917
0.991596639
1.006920415
1.005437469
1.003954523
1.031141869
1.018783984
1.007414731
1.004943154
1.023232823
1.018783984
1.022738507
1.038556599
1.021749876
1.021749876
1.044086477
1.052653928
1.044416244
1.047979798
1.05774166
1.044948454
1.050763516
1.044617274
1.046683047
1.043496102
1.036047498
1.034672304
1.042150538
1.045141874
1.03648706
1.014341591
1.00087604
1.017551558
1.014366565
1.019607843
0.877729258
0.891800097
0.923338185
0.123726346
0.898313253
0.956331878
0.925278991
0.931101407
0.94274624
0.934012615
0.974769529
0.990295973
0.95002426
0.969432314
0.968947113
0.997573993
0.993207181
0.986899563
0.995633188
0.986899563
1.018437652
1.026686075
0.99272198
1.004366812
1.016496846
1.030567686
1.017467249
1.031538088
1.017467249
1.021834061
1.039847393
1.043312102
1.04357022
1.04040404
1.047904192
1.04
1.047874536
1.04257061
1.033988534
1.038161674
1.04028838
1.037209302
1.043010753
1.043422184
1.036911328
1.002607562
1.009198423
1.011408513
1.010448411
1.013507625
0.866506024
0.902650602
0.872771084
0.875662651
0.12
0.927710843
0.923373494
0.937831325
0.929638554
0.917108434
0.969156627
0.962891566
0.972048193
0.958072289
0.956144578
1.003373494
1.005301205
0.999518072
1.00626506
0.985542169
1.011084337
1.01686747
0.986506024
0.984578313
0.980240964
1.026024096
0.999518072
1.028433735
1.016385542
1.013012048
1.055955914
1.0492569
1.06641286
1.060606061
1.063729683
1.065154639
1.065208419
1.060990585
1.053235053
1.058678703
1.061068702
1.051162791
1.062365591
1.067067928
1.058124735
1.032594524
1.039421813
1.042562527
1.041358293
1.046187364
0.924841386
0.965174129
0.956500247
0.938379427
0.935421687
0.14893617
0.905660377
0.895626243
0.900150527
0.91987982
0.943491423
0.933130699
0.933233682
0.917002012
0.945537065
0.951539626
0.955420466
0.964231738
0.960486322
0.952887538
1.010638298
0.998480243
0.976190476
0.987841945
0.976214575
1.023302938
0.986828774
1.015197568
1.002026342
1.022289767
1.044934294
1.053927813
1.055414552
1.047138047
1.050042772
1.048247423
1.051588939
1.051985264
1.044635545
1.04924087
1.054283291
1.049471459
1.057634409
1.056319862
1.053033517
1.01781834
1.024091108
1.026327337
1.023944275
1.02962963
0.930209858
0.938430983
0.90706871
0.926734595
0.924819277
0.906156902
0.138033764
0.880834161
0.875868918
0.889275074
0.929493545
0.939920556
0.919563059
0.929493545
0.904667329
0.956305859
0.952830189
0.933962264
0.965739821
0.941906653
0.986097319
0.993545184
0.968718967
0.985600794
0.986593843
0.991062562
0.983614697
0.995531281
1.012909633
0.992552135
1.061042815
1.047133758
1.058375635
1.056397306
1.058169376
1.059381443
1.056954189
1.06017192
1.055282555
1.060730406
1.048346056
1.050317125
1.058064516
1.060619089
1.050487908
1.032594524
1.027595269
1.027643703
1.036569438
1.039651416
0.942410932
0.93389662
0.935739001
0.933042213
0.91373494
0.909045726
0.872889772
0.13916501
0.890159046
0.883697813
0.916003976
0.940854871
0.895129225
0.920477137
0.901093439
0.961729622
0.952286282
0.953280318
0.967196819
0.941351889
0.979125249
0.986580517
0.967196819
0.980616302
0.972664016
0.999005964
0.989065606
0.992047714
1.006461233
1.001491054
1.052140738
1.055201699
1.049492386
1.054713805
1.054747648
1.056907216
1.068510111
1.059353254
1.051187551
1.057037341
1.059372349
1.053276956
1.062365591
1.064488392
1.058124735
1.029986962
1.027157249
1.029398859
1.026991728
1.037472767
0.94533919
0.952238806
0.94760257
0.922852984
0.944578313
0.901655795
0.878351539
0.890656064
0.148018063
0.896344517
0.93226292
0.92323131
0.938714499
0.93226292
0.905669844
0.962870045
0.966382338
0.967887607
0.956347215
0.940792775
0.976417461
0.983943803
0.973406924
0.978424486
0.966884094
1.020070246
0.987456096
1
1.001505268
1.009031611
1.057651547
1.061146497
1.055414552
1.053030303
1.04704876
1.059381443
1.053239785
1.058943921
1.056920557
1.05621666
1.053011026
1.051585624
1.057634409
1.06577816
1.055154858
1.037809648
1.033727551
1.036419482
1.032651284
1.040522876
0.923377257
0.93880597
0.92733564
0.935953421
0.912289157
0.919379069
0.906653426
0.884194831
0.900350526
0.139709564
0.934902354
0.938407611
0.916292975
0.926389584
0.907361042
0.967951928
0.954932399
0.964947421
0.974461693
0.952428643
0.994992489
0.985978968
0.99098648
0.975963946
0.972458688
1.012018027
0.992989484
0.999499249
1.011016525
1.019529294
1.061466723
1.058598726
1.062605753
1.061026936
1.059452524
1.060206186
1.065621131
1.059353254
1.056511057
1.055806319
1.054283291
1.054545455
1.055483871
1.065348237
1.05473059
1.032594524
1.038545773
1.028082492
1.03831084
1.041830065
0.959004392
0.989552239
0.992585269
0.974284328
0.967710843
0.945005045
0.909632572
0.925447316
0.909683894
0.932398598
0.142280525
0.88345106
0.881913303
0.867203219
0.887544125
0.906155399
0.89556004
0.920403023
0.916246216
0.920282543
0.940968718
0.921796165
0.917255298
0.949545913
0.921291625
0.967204844
0.945509586
0.955600404
0.954086781
0.950554995
1.061890632
1.070063694
1.055837563
1.071127946
1.059452524
1.067216495
1.057366901
1.06017192
1.067158067
1.046778826
1.06403732
1.062579281
1.067096774
1.069647463
1.064488757
1.04041721
1.040297854
1.044756472
1.03787549
1.054466231
0.974621767
0.980597015
0.984676223
0.988355167
0.980240964
0.932624113
0.94041708
0.940854871
0.922729553
0.954932399
0.881432896
0.153336729
0.900348779
0.882293763
0.903681291
0.905098435
0.943963321
0.897229219
0.937850229
0.91798268
0.961283749
0.938359654
0.958354495
0.959246052
0.946356275
0.984717269
0.960953347
0.970513472
0.989302089
0.965359144
1.056379822
1.056900212
1.053299492
1.060606061
1.041916168
1.057731959
1.061494016
1.056897257
1.054873055
1.057447682
1.060220526
1.060042283
1.064516129
1.069217541
1.062791684
1.027813994
1.034165572
1.043878894
1.034828037
1.033115468
0.978038067
0.985572139
0.961937716
0.946627851
0.958072289
0.93223717
0.91857001
0.909542744
0.92326856
0.93472845
0.869456901
0.89636273
0.151968112
0.900348779
0.873941206
0.892874938
0.913303438
0.897857499
0.908819133
0.901843548
0.930742402
0.937717987
0.942202292
0.946188341
0.920279023
0.969606378
0.964125561
0.950672646
0.956153463
0.962132536
1.048325562
1.055626327
1.049492386
1.057239057
1.051753636
1.056907216
1.056954189
1.054441261
1.056101556
1.053754616
1.055131467
1.050317125
1.059784946
1.064918315
1.053882053
1.029552369
1.031099431
1.035541904
1.030909882
1.030501089
0.968277208
0.991542289
0.975284231
0.970402717
0.959518072
0.91750503
0.911618669
0.929423459
0.93226292
0.924887331
0.868209256
0.901911469
0.900847035
0.14084507
0.891348089
0.898390342
0.909959759
0.891851107
0.907947686
0.927565392
0.934607646
0.930583501
0.938631791
0.945171026
0.91498994
0.96277666
0.952716298
0.956237425
0.969315895
0.977867203
1.055532005
1.061571125
1.057952623
1.05976431
1.060307956
1.056907216
1.059430458
1.059762587
1.053235053
1.056627
1.050466497
1.049048626
1.056774194
1.065348237
1.056003394
1.028683181
1.02890933
1.038613427
1.034392686
1.036601307
0.974133724
0.991542289
0.988136431
0.970887918
0.955662651
0.939989914
0.899702085
0.92445328
0.928750627
0.905358037
0.887544125
0.90519415
0.875435974
0.891348089
0.139687342
0.893091276
0.913262733
0.892191436
0.901159859
0.918305598
0.947554211
0.936459909
0.923348462
0.925869894
0.942511346
0.96318709
0.944528492
0.960161372
0.959657085
0.971255673
1.062738448
1.061146497
1.057106599
1.059343434
1.057313944
1.061443299
1.058192324
1.062627916
1.061015561
1.069347558
1.056403732
1.053276956
1.063655914
1.066638005
1.061943148
1.032594524
1.034603592
1.032031593
1.038746191
1.040087146
0.998535871
1.000497512
0.983687593
1.000485201
0.986506024
0.951539626
0.950347567
0.952286282
0.947817361
0.945918878
0.905650858
0.908632004
0.889885401
0.918008048
0.892586989
0.144876325
0.877334679
0.862468514
0.886420999
0.874810702
0.892983342
0.893488137
0.899040888
0.89096416
0.880868248
0.920747097
0.91367996
0.925795053
0.916203937
0.933366986
1.056379822
1.061146497
1.069373942
1.052188552
1.067151411
1.056907216
1.059430458
1.060581253
1.062244062
1.049651211
1.04749788
1.051162791
1.053763441
1.065348237
1.049639372
1.03563668
1.032413491
1.03729706
1.036569438
1.033986928
0.985358712
1.00199005
1.0064261
1.003881611
0.978313253
0.960486322
0.932472691
0.953280318
0.944305068
0.954932399
0.884460141
0.943963321
0.901843548
0.918511066
0.915279879
0.876829884
0.138178096
0.881612091
0.884339816
0.885363357
0.906345957
0.89406346
0.890299644
0.88741044
0.896761134
0.92988741
0.926977688
0.921199797
0.92937564
0.925793245
1.057227639
1.059023355
1.057529611
1.05513468
1.05774166
1.058969072
1.055303343
1.045026607
1.057330057
1.057037341
1.051314673
1.04820296
1.057634409
1.054170249
1.05006364
1.033029118
1.032851511
1.042123738
1.035263387
1.040522876
0.98682284
0.992039801
0.981710331
0.988355167
0.994698795
0.938539043
0.938430983
0.9527833
0.942799799
0.942914372
0.895214106
0.898740554
0.898854011
0.89084507
0.890176322
0.865491184
0.879596977
0.134508816
0.886649874
0.894206549
0.907808564
0.900251889
0.883123426
0.908816121
0.881612091
0.911838791
0.905793451
0.912846348
0.916372796
0.924433249
1.064010174
1.070912951
1.056683587
1.066077441
1.065012831
1.067216495
1.070573669
1.060581253
1.066339066
1.061140747
1.06403732
1.064270613
1.068817204
1.069647463
1.064488757
1.041720991
1.045992116
1.046511628
1.048759251
1.050108932
0.99170327
1.010945274
0.998022739
0.997088792
0.995180723
0.959979737
0.943396226
0.968687873
0.957852484
0.956434652
0.915237134
0.934284259
0.908819133
0.908953722
0.921835603
0.885916204
0.885875128
0.886649874
0.157622739
0.878787879
0.899487179
0.914948454
0.900964957
0.908577298
0.902327935
0.925811437
0.914300203
0.946110829
0.915167095
0.9331963
1.057227639
1.064543524
1.063451777
1.063552189
1.05774166
1.062680412
1.064795708
1.061809251
1.061015561
1.059909725
1.06403732
1.064270613
1.070537634
1.070937231
1.067882902
1.04041721
1.041611914
1.043001316
1.050500653
1.041830065
1.001952172
1.025373134
1.023232823
0.989810771
0.990361446
0.972644377
0.941410129
0.961729622
0.961866533
0.954932399
0.922300706
0.913907285
0.891380169
0.917002012
0.909732728
0.877334679
0.885875128
0.869017632
0.880328711
0.156651258
0.905128205
0.904982024
0.891823261
0.89470981
0.893724696
0.930148947
0.924442191
0.929334011
0.925526451
0.929635336
1.063586265
1.060721868
1.06641286
1.060606061
1.063301967
1.061030928
1.060668593
1.064265248
1.060606061
1.061551087
1.069126378
1.066807611
1.067096774
1.070507309
1.067882902
1.040851804
1.040297854
1.057481351
1.0474532
1.044444444
1.01659346
1.031840796
1.024221453
1.02134886
1.01253012
1.011144883
0.976663357
0.978131213
0.980933266
0.993490235
0.958123108
0.960774325
0.953662182
0.948189135
0.924357035
0.893488137
0.907881269
0.905793451
0.902051282
0.892307692
0.165128205
0.873846154
0.879634332
0.868205128
0.868421053
0.883589744
0.904665314
0.890188104
0.898974359
0.882564103
1.06782535
1.056475584
1.068527919
1.070286195
1.071000855
1.064329897
1.054065208
1.067130577
1.058149058
1.061551087
1.067005937
1.06384778
1.071827957
1.076956148
1.069155706
1.042155585
1.051248357
1.052215884
1.042228994
1.050108932
1.025866276
1.04278607
1.02026693
1.000970403
1.013493976
0.997467072
0.991062562
0.987077535
0.989964877
0.985478217
0.944500505
0.938869078
0.938216243
0.937122736
0.935955623
0.902574457
0.916581372
0.900755668
0.915463918
0.901386749
0.871794872
0.154639175
0.877094972
0.876219825
0.874493927
0.884595569
0.89959432
0.892730046
0.892544987
0.898766701
1.059347181
1.064118896
1.056683587
1.066077441
1.065012831
1.05814433
1.066859265
1.061399918
1.058558559
1.056627
1.061492791
1.060042283
1.066236559
1.069647463
1.065337293
1.047805302
1.035917652
1.047827995
1.036569438
1.037908497
1.006832601
1.022885572
1.028175976
1.01067443
1.015421687
0.975177305
0.966236346
0.97166998
0.96738585
0.991487231
0.941473259
0.946165566
0.94369706
0.917002012
0.946545638
0.899545684
0.898933469
0.878589421
0.904520061
0.898933469
0.880142204
0.879634332
0.149822245
0.867953276
0.868927126
0.890299644
0.888945233
0.887760284
0.896394109
0.891315389
1.062738448
1.06581741
1.067681895
1.063131313
1.060735672
1.065979381
1.065621131
1.065493246
1.061834562
1.057447682
1.053859203
1.049048626
1.060215054
1.068357696
1.056003394
1.043893959
1.043363995
1.04168495
1.039616892
1.048366013
1.013665203
1.030845771
1.004943154
0.997573993
0.98313253
1
0.992552135
0.979622266
0.974912193
0.976464697
0.926841574
0.937340805
0.924763328
0.942655936
0.922339889
0.891468955
0.887922211
0.911335013
0.905495634
0.895737031
0.867179487
0.876219825
0.866937532
0.144324602
0.866396761
0.880842322
0.876774848
0.897305541
0.900873138
0.878787879
1.06782535
1.05477707
1.075296108
1.062710438
1.060307956
1.061030928
1.056128766
1.061809251
1.059377559
1.058678703
1.053435115
1.046934461
1.058064516
1.061049011
1.053882053
1.034767492
1.033727551
1.035541904
1.036134088
1.039215686
1.010736945
1.009950249
1.023232823
0.996118389
0.981686747
0.973684211
0.985600794
0.977137177
0.965880582
0.975463195
0.92431887
0.946356275
0.924265072
0.913480885
0.924861321
0.879353862
0.893218623
0.879093199
0.895748988
0.892712551
0.867408907
0.876518219
0.86791498
0.868421053
0.141700405
0.877024291
0.864878543
0.880566802
0.888157895
0.886639676
1.064857991
1.073460722
1.068527919
1.05976431
1.065012831
1.06556701
1.075938919
1.069177241
1.064291564
1.064833812
1.066581849
1.061733615
1.068817204
1.067927773
1.067034366
1.041720991
1.042049934
1.046950417
1.041793644
1.044444444
1.027818448
1.02238806
1.016806723
1.032993692
1.020722892
0.998480243
0.987090367
0.998011928
1.000501756
1.015022534
0.966700303
0.985736118
0.956153463
0.963279678
0.959152799
0.921251893
0.931422723
0.913350126
0.934569809
0.930148947
0.883076923
0.885110768
0.888268156
0.886492039
0.880060729
0.14992272
0.852434077
0.867819014
0.87403599
0.865878726
1.052140738
1.062420382
1.05964467
1.058501684
1.05774166
1.059381443
1.060668593
1.055669259
1.059377559
1.055806319
1.055131467
1.048625793
1.059784946
1.066638005
1.058973271
1.031290743
1.045992116
1.035103115
1.040052242
1.042265795
1.006344558
1.021890547
1.022738507
1.024260068
1.001445783
1.006079027
0.982125124
0.991053678
0.985950828
0.998998498
0.947023209
0.981744422
0.960637768
0.953219316
0.960665658
0.91367996
0.925456389
0.908816121
0.915314402
0.925456389
0.884381339
0.901115619
0.901115619
0.887423935
0.863360324
0.85040568
0.14198783
0.861054767
0.869168357
0.880324544
1.066129716
1.064543524
1.067258883
1.06523569
1.053892216
1.068453608
1.071399092
1.069586574
1.067567568
1.066885515
1.065733673
1.064270613
1.070537634
1.074376612
1.064488757
1.041286397
1.049058257
1.046072839
1.048759251
1.047494553
1.029282577
1.046766169
1.033613445
1.034449296
1.007228916
1.003546099
0.99652433
0.992544732
1.004515805
1.007010516
0.955095863
0.972038638
0.957149975
0.955231388
0.961169945
0.923775871
0.927808846
0.915869018
0.944077275
0.930859176
0.889679715
0.890696492
0.889791772
0.902389426
0.881072874
0.867310625
0.876267748
0.157092018
0.866293849
0.887137773
1.066977533
1.075159236
1.069373942
1.082070707
1.067151411
1.067628866
1.076764342
1.060581253
1.056511057
1.059499384
1.064885496
1.063424947
1.071397849
1.077815993
1.063640221
1.046501521
1.046430136
1.040807372
1.048759251
1.044008715
1.025378233
1.020895522
1.014829461
1.018922853
1.017831325
1.001013171
0.989076465
1.002982107
1.005017561
0.992488733
0.978304743
0.973000509
0.955156951
0.969818913
0.981845688
0.917213529
0.92272262
0.915365239
0.917737789
0.925526451
0.897948718
0.896658098
0.893854749
0.898305085
0.887651822
0.870437018
0.869168357
0.864768683
0.155784062
0.87307297
1.066977533
1.069639066
1.065143824
1.063131313
1.065440547
1.06185567
1.066859265
1.061809251
1.062653563
1.064833812
1.061068702
1.057928118
1.062365591
1.070507309
1.058124735
1.041286397
1.038107753
1.046950417
1.043970396
1.050544662
1.028306491
1.021393035
1.021255561
1.020863658
1.019277108
1.024822695
0.992055611
1.000994036
1.011540391
1.022533801
0.957618567
0.971472236
0.964623817
0.957746479
0.970751387
0.935890964
0.923746162
0.913350126
0.935765673
0.931689779
0.886153846
0.899280576
0.8892839
0.878274268
0.880566802
0.866906475
0.87474645
0.874936451
0.874100719
0.151079137];

ff = ff';
ff1 = reshape(ff,50,50);
ff1 = ff1';
%view(seqlinkage(ff1))
view(seqlinkage(ff1,'weighted',{'Z1a','Z1b','Z1c','Z1d','Z1e','Z2a','Z2b','Z2c','Z2d','Z2e','Z3a','Z3b','Z3c','Z3d','Z3e','Z4a','Z4b','Z4c','Z4d','Z4e','Z5a','Z5b','Z5c','Z5d','Z5e','Z6a','Z6b','Z6c','Z6d','Z6e','Z7a','Z7b','Z7c','Z7d','Z7e','Z8a','Z8b','Z8c','Z8d','Z8e','Z9a','Z9b','Z9c','Z9d','Z9e','Z10a','Z10b','Z10c','Z10d','Z10e'}))
